255 255 255 255 255 255 255 255 255 255 255 255 255 255 255 255
255 255 255 255 255 255 255 255 255 255 255 255 255 255 255 255
255 255 255 255   0   0 175   0 255   0   0   0 255 255 255 255
255 255 255   0   0 255 255   0   0  80 255   0   0 255 255 255
255 255   0   0   0   0 175 255 255 175   0   0   0   0 255 255
255 255   0   0   0   0 255 255 255 175 255 255 255   0 255 255
255 255   0  80 175 175 175 255  80  55 175  80 175 175 255 255
255 255 255 255 255   0 255 255   0 255   0   0 255   0 255 255
255 255 255   0 255   0  80   0 255  80 255 255   0 255 255 255
255 255 255 175 175  80 200  80  80 121 175 255 255  80 255 255
255 255 255   0   0 255 255 255 255 255   0   0   0   0 255 255
255 255   0   0   0   0  80   0   0  80   0   0   0   0 255 255
255 255 255   0   0   0 255 255   0 175   0   0   0   0 255 255
255 255 255 255   0   0 175   0 255 255 255 255 255   0 255 255
255 255 255 255 255 255 255 255 255 255 255 255 255 255 255 255
255 255 255 255 255 255 255 255 255 255 255 255 255 255 255 255
255 255 255 255 255 255 255 255 255 255 255 255 255 255 255 255
255 255 255 255 255 255 255 255 255 255 255 255 255 255 255 255
255 255 255 255   0   0 175   0 255   0   0   0 255 255 255 255
255 255 255   0   0 255 255   0   0  80 255   0   0 255 255 255
255 255   0   0   0   0 175 255 255 175   0   0   0   0 255 255
255 255   0   0   0   0 255 255 255 175 255 255 255   0 255 255
255 255   0  80 175 175 175 255  80  55 175  80 175 175 255 255
255 255 255 255 255   0 255 255   0 255   0   0 255   0 255 255
255 255 255   0 255   0  80   0 255  80 255 255   0 255 255 255
255 255 255 175 175  80 200  80  80 121 175 255 255  80 255 255
255 255 255   0   0 255 255 255 255 255   0   0   0   0 255 255
255 255   0   0   0   0  80   0   0  80   0   0   0   0 255 255
255 255 255   0   0   0 255 255   0 175   0   0   0   0 255 255
255 255 255 255   0   0 175   0 255 255 255 255 255   0 255 255
255 255 255 255 255 255 255 255 255 255 255 255 255 255 255 255
255 255 255 255 255 255 255 255 255 255 255 255 255 255 255 255
255 255 255 255 255 255 255 255 255 255 255 255 255 255 255 255
255 255 255 255 255 255 255 255 255 255 255 255 255 255 255 255
255 255 255 255   0   0 175   0 255   0   0   0 255 255 255 255
255 255 255   0   0 255 255   0   0  80 255   0   0 255 255 255
255 255   0   0   0   0 175 255 255 175   0   0   0   0 255 255
255 255   0   0   0   0 255 255 255 175 255 255 255   0 255 255
255 255   0  80 175 175 175 255  80  55 175  80 175 175 255 255
255 255 255 255 255   0 255 255   0 255   0   0 255   0 255 255
255 255 255   0 255   0  80   0 255  80 255 255   0 255 255 255
255 255 255 175 175  80 200  80  80 121 175 255 255  80 255 255
255 255 255   0   0 255 255 255 255 255   0   0   0   0 255 255
255 255   0   0   0   0  80   0   0  80   0   0   0   0 255 255
255 255 255   0   0   0 255 255   0 175   0   0   0   0 255 255
255 255 255 255   0   0 175   0 255 255 255 255 255   0 255 255
255 255 255 255 255 255 255 255 255 255 255 255 255 255 255 255
255 255 255 255 255 255 255 255 255 255 255 255 255 255 255 255

255 255 255 255 255 255 255 255 255 255 255 255 255 255 255 255
255 255 255 255 255 255 255 255 255 255 255 255 255 255 255 255
255 255 255 255   0   0 175   0 255  80   0   0   0   0 255 255
255 255 255   0   0 255 175 255   0 255   0   0   0 255 255 255
255 255   0   0   0 255  80   0 255 255   0   0   0 255 255 255
255 255   0 255   0 255 175   0 255 175   0   0   0 255 255 255
255 255   0  80 175 175  55 255  80 121 255  80 175 255 255 255
255 255 255   0 255 255  80   0 255  80 255   0   0 255 255 255
255 255   0   0 255 255 255 255   0  80 255   0 255   0 255 255
255 255 175 255 175 255 175 255  80 200 255  80 255 175 255 255
255 255   0 255   0   0 175   0   0  80 255   0   0   0 255 255
255 255   0   0   0   0 175 255 255 175   0   0   0   0 255 255
255 255 255   0   0   0  80 255   0 175   0   0   0 255 255 255
255 255 255 255   0   0   0 255 255 255 255   0 255 255 255 255
255 255 255 255 255 255 255 255 255 255 255 255 255 255 255 255
255 255 255 255 255 255 255 255 255 255 255 255 255 255 255 255
255 255 255 255 255 255 255 255 255 255 255 255 255 255 255 255
255 255 255 255 255 255 255 255 255 255 255 255 255 255 255 255
255 255 255 255   0   0 175   0 255  80   0   0   0   0 255 255
255 255 255   0   0 255 175 255   0 255   0   0   0 255 255 255
255 255   0   0   0 255  80   0 255 255   0   0   0 255 255 255
255 255   0 255   0 255 175   0 255 175   0   0   0 255 255 255
255 255   0  80 175 175  55 255  80 121 255  80 175 255 255 255
255 255 255   0 255 255  80   0 255  80 255   0   0 255 255 255
255 255   0   0 255 255 255 255   0  80 255   0 255   0 255 255
255 255 175 255 175 255 175 255  80 200 255  80 255 175 255 255
255 255   0 255   0   0 175   0   0  80 255   0   0   0 255 255
255 255   0   0   0   0 175 255 255 175   0   0   0   0 255 255
255 255 255   0   0   0  80 255   0 175   0   0   0 255 255 255
255 255 255 255   0   0   0 255 255 255 255   0 255 255 255 255
255 255 255 255 255 255 255 255 255 255 255 255 255 255 255 255
255 255 255 255 255 255 255 255 255 255 255 255 255 255 255 255
255 255 255 255 255 255 255 255 255 255 255 255 255 255 255 255
255 255 255 255 255 255 255 255 255 255 255 255 255 255 255 255
255 255 255 255   0   0 175   0 255  80   0   0   0   0 255 255
255 255 255   0   0 255 175 255   0 255   0   0   0 255 255 255
255 255   0   0   0 255  80   0 255 255   0   0   0 255 255 255
255 255   0 255   0 255 175   0 255 175   0   0   0 255 255 255
255 255   0  80 175 175  55 255  80 121 255  80 175 255 255 255
255 255 255   0 255 255  80   0 255  80 255   0   0 255 255 255
255 255   0   0 255 255 255 255   0  80 255   0 255   0 255 255
255 255 175 255 175 255 175 255  80 200 255  80 255 175 255 255
255 255   0 255   0   0 175   0   0  80 255   0   0   0 255 255
255 255   0   0   0   0 175 255 255 175   0   0   0   0 255 255
255 255 255   0   0   0  80 255   0 175   0   0   0 255 255 255
255 255 255 255   0   0   0 255 255 255 255   0 255 255 255 255
255 255 255 255 255 255 255 255 255 255 255 255 255 255 255 255
255 255 255 255 255 255 255 255 255 255 255 255 255 255 255 255

255 255 255 255 255 255 255 255 255 255 255 255 255 255 255 255
255 255 255 255 255 255 255 255 255 255 255 255 255 255 255 255
255 255   0 255 255 255 255 255   0 175   0   0 255 255 255 255
255 255   0   0   0   0 175   0 255 255   0   0   0 255 255 255
255 255   0   0   0   0  80   0   0  80   0   0   0   0 255 255
255 255   0   0   0   0 255 255 255 255 255   0   0 255 255 255
255 255  80 255 255 175 121  80  80 200  80 175 175 255 255 255
255 255 255   0 255 255  80 255   0  80   0 255   0 255 255 255
255 255   0 255   0   0 255   0 255 255   0 255 255 255 255 255
255 255 175 175  80 175  55  80 255 175 175 175  80   0 255 255
255 255   0 255 255 255 175 255 255 255   0   0   0   0 255 255
255 255   0   0   0   0 175 255 255 175   0   0   0   0 255 255
255 255 255   0   0 255  80   0   0 255 255   0   0 255 255 255
255 255 255 255   0   0   0 255   0 175   0   0 255 255 255 255
255 255 255 255 255 255 255 255 255 255 255 255 255 255 255 255
255 255 255 255 255 255 255 255 255 255 255 255 255 255 255 255
255 255 255 255 255 255 255 255 255 255 255 255 255 255 255 255
255 255 255 255 255 255 255 255 255 255 255 255 255 255 255 255
255 255   0 255 255 255 255 255   0 175   0   0 255 255 255 255
255 255   0   0   0   0 175   0 255 255   0   0   0 255 255 255
255 255   0   0   0   0  80   0   0  80   0   0   0   0 255 255
255 255   0   0   0   0 255 255 255 255 255   0   0 255 255 255
255 255  80 255 255 175 121  80  80 200  80 175 175 255 255 255
255 255 255   0 255 255  80 255   0  80   0 255   0 255 255 255
255 255   0 255   0   0 255   0 255 255   0 255 255 255 255 255
255 255 175 175  80 175  55  80 255 175 175 175  80   0 255 255
255 255   0 255 255 255 175 255 255 255   0   0   0   0 255 255
255 255   0   0   0   0 175 255 255 175   0   0   0   0 255 255
255 255 255   0   0 255  80   0   0 255 255   0   0 255 255 255
255 255 255 255   0   0   0 255   0 175   0   0 255 255 255 255
255 255 255 255 255 255 255 255 255 255 255 255 255 255 255 255
255 255 255 255 255 255 255 255 255 255 255 255 255 255 255 255
255 255 255 255 255 255 255 255 255 255 255 255 255 255 255 255
255 255 255 255 255 255 255 255 255 255 255 255 255 255 255 255
255 255   0 255 255 255 255 255   0 175   0   0 255 255 255 255
255 255   0   0   0   0 175   0 255 255   0   0   0 255 255 255
255 255   0   0   0   0  80   0   0  80   0   0   0   0 255 255
255 255   0   0   0   0 255 255 255 255 255   0   0 255 255 255
255 255  80 255 255 175 121  80  80 200  80 175 175 255 255 255
255 255 255   0 255 255  80 255   0  80   0 255   0 255 255 255
255 255   0 255   0   0 255   0 255 255   0 255 255 255 255 255
255 255 175 175  80 175  55  80 255 175 175 175  80   0 255 255
255 255   0 255 255 255 175 255 255 255   0   0   0   0 255 255
255 255   0   0   0   0 175 255 255 175   0   0   0   0 255 255
255 255 255   0   0 255  80   0   0 255 255   0   0 255 255 255
255 255 255 255   0   0   0 255   0 175   0   0 255 255 255 255
255 255 255 255 255 255 255 255 255 255 255 255 255 255 255 255
255 255 255 255 255 255 255 255 255 255 255 255 255 255 255 255

255 255 255 255 255 255 255 255 255 255 255 255 255 255 255 255
255 255 255 255 255 255 255 255 255 255 255 255 255 255 255 255
255 255 255 255   0 255 255 255 255   0   0   0 255 255 255 255
255 255 255   0   0   0 175   0 255  80   0   0   0 255 255 255
255 255   0   0   0   0 175 255 255 175   0   0   0   0 255 255
255 255   0   0   0 255  80   0   0 175   0   0 255   0 255 255
255 255 175 255  80 255 200  80 255 175 255 175 255 175 255 255
255 255   0 255   0 255  80   0 255 255 255 255   0   0 255 255
255 255 255   0   0 255  80 255   0  80 255 255   0 255 255 255
255 255 255 175  80 255 121  80 255  55 175 175  80   0 255 255
255 255 255   0   0   0 175 255   0 175 255   0 255   0 255 255
255 255 255   0   0   0 255 255   0  80 255   0   0   0 255 255
255 255 255   0   0   0 255   0 255 175 255   0   0 255 255 255
255 255   0   0   0   0  80 255   0 175   0   0 255 255 255 255
255 255 255 255 255 255 255 255 255 255 255 255 255 255 255 255
255 255 255 255 255 255 255 255 255 255 255 255 255 255 255 255
255 255 255 255 255 255 255 255 255 255 255 255 255 255 255 255
255 255 255 255 255 255 255 255 255 255 255 255 255 255 255 255
255 255 255 255   0 255 255 255 255   0   0   0 255 255 255 255
255 255 255   0   0   0 175   0 255  80   0   0   0 255 255 255
255 255   0   0   0   0 175 255 255 175   0   0   0   0 255 255
255 255   0   0   0 255  80   0   0 175   0   0 255   0 255 255
255 255 175 255  80 255 200  80 255 175 255 175 255 175 255 255
255 255   0 255   0 255  80   0 255 255 255 255   0   0 255 255
255 255 255   0   0 255  80 255   0  80 255 255   0 255 255 255
255 255 255 175  80 255 121  80 255  55 175 175  80   0 255 255
255 255 255   0   0   0 175 255   0 175 255   0 255   0 255 255
255 255 255   0   0   0 255 255   0  80 255   0   0   0 255 255
255 255 255   0   0   0 255   0 255 175 255   0   0 255 255 255
255 255   0   0   0   0  80 255   0 175   0   0 255 255 255 255
255 255 255 255 255 255 255 255 255 255 255 255 255 255 255 255
255 255 255 255 255 255 255 255 255 255 255 255 255 255 255 255
255 255 255 255 255 255 255 255 255 255 255 255 255 255 255 255
255 255 255 255 255 255 255 255 255 255 255 255 255 255 255 255
255 255 255 255   0 255 255 255 255   0   0   0 255 255 255 255
255 255 255   0   0   0 175   0 255  80   0   0   0 255 255 255
255 255   0   0   0   0 175 255 255 175   0   0   0   0 255 255
255 255   0   0   0 255  80   0   0 175   0   0 255   0 255 255
255 255 175 255  80 255 200  80 255 175 255 175 255 175 255 255
255 255   0 255   0 255  80   0 255 255 255 255   0   0 255 255
255 255 255   0   0 255  80 255   0  80 255 255   0 255 255 255
255 255 255 175  80 255 121  80 255  55 175 175  80   0 255 255
255 255 255   0   0   0 175 255   0 175 255   0 255   0 255 255
255 255 255   0   0   0 255 255   0  80 255   0   0   0 255 255
255 255 255   0   0   0 255   0 255 175 255   0   0 255 255 255
255 255   0   0   0   0  80 255   0 175   0   0 255 255 255 255
255 255 255 255 255 255 255 255 255 255 255 255 255 255 255 255
255 255 255 255 255 255 255 255 255 255 255 255 255 255 255 255
