255 255 255 255 255 255 255 255 255 255 255 255 255 255 255 255
255 255 255 255 255 255 255 255 255 255 255 255 255 255 255 255
255 255   0  79 255 255   0 255 255   0   0 255  79   0 255 255
255 255  79 134 255   0  79 175  79 255  79 255 134  79 255 255
255 255 255 255 255   0 255   0   0 255   0 255 255 255 255 255
255 255   0 255 255   0 255 255   0   0   0   0 255 255 255 255
255 255   0 175   0 255 255 255 255   0 255   0 255   0 255 255
255 255   0 175   0 255 255 255 255 255   0   0 255   0 255 255
255 255   0 255   0 255 255   0 255   0 255   0 175   0 255 255
255 255 255 175 255   0 255 255 255   0   0   0 175 255 255 255
255 255   0 175   0 255   0 255   0   0   0 255   0   0 255 255
255 255 255 255 255   0 255   0   0   0   0 255  79   0 255 255
255 255  79 134 255   0 175  79 255   0   0  79  24 175 255 255
255 255   0  79 255 255   0 255 255 255 255 255 175 255 255 255
255 255 255 255 255 255 255 255 255 255 255 255 255 255 255 255
255 255 255 255 255 255 255 255 255 255 255 255 255 255 255 255
255 255 255 255 255 255 255 255 255 255 255 255 255 255 255 255
255 255 255 255 255 255 255 255 255 255 255 255 255 255 255 255
255 255   0  79 255 255   0 255 255   0   0 255  79   0 255 255
255 255  79 134 255   0  79 175  79 255  79 255 134  79 255 255
255 255 255 255 255   0 255   0   0 255   0 255 255 255 255 255
255 255   0 255 255   0 255 255   0   0   0   0 255 255 255 255
255 255   0 175   0 255 255 255 255   0 255   0 255   0 255 255
255 255   0 175   0 255 255 255 255 255   0   0 255   0 255 255
255 255   0 255   0 255 255   0 255   0 255   0 175   0 255 255
255 255 255 175 255   0 255 255 255   0   0   0 175 255 255 255
255 255   0 175   0 255   0 255   0   0   0 255   0   0 255 255
255 255 255 255 255   0 255   0   0   0   0 255  79   0 255 255
255 255  79 134 255   0 175  79 255   0   0  79  24 175 255 255
255 255   0  79 255 255   0 255 255 255 255 255 175 255 255 255
255 255 255 255 255 255 255 255 255 255 255 255 255 255 255 255
255 255 255 255 255 255 255 255 255 255 255 255 255 255 255 255
255 255 255 255 255 255 255 255 255 255 255 255 255 255 255 255
255 255 255 255 255 255 255 255 255 255 255 255 255 255 255 255
255 255   0  79 255 255   0 255 255   0   0 255  79   0 255 255
255 255  79 134 255   0  79 175  79 255  79 255 134  79 255 255
255 255 255 255 255   0 255   0   0 255   0 255 255 255 255 255
255 255   0 255 255   0 255 255   0   0   0   0 255 255 255 255
255 255   0 175   0 255 255 255 255   0 255   0 255   0 255 255
255 255   0 175   0 255 255 255 255 255   0   0 255   0 255 255
255 255   0 255   0 255 255   0 255   0 255   0 175   0 255 255
255 255 255 175 255   0 255 255 255   0   0   0 175 255 255 255
255 255   0 175   0 255   0 255   0   0   0 255   0   0 255 255
255 255 255 255 255   0 255   0   0   0   0 255  79   0 255 255
255 255  79 134 255   0 175  79 255   0   0  79  24 175 255 255
255 255   0  79 255 255   0 255 255 255 255 255 175 255 255 255
255 255 255 255 255 255 255 255 255 255 255 255 255 255 255 255
255 255 255 255 255 255 255 255 255 255 255 255 255 255 255 255

255 255 255 255 255 255 255 255 255 255 255 255 255 255 255 255
255 255 255 255 255 255 255 255 255 255 255 255 255 255 255 255
255 255   0  79 255 255   0   0   0 255   0   0 175 255 255 255
255 255  79 134 255 255 255 255 175 175   0  79  24 175 255 255
255 255 255 255 255   0   0   0   0   0 255 255  79 255 255 255
255 255   0  79   0   0 255   0 255   0   0   0   0 255 255 255
255 255   0 255 255   0   0 255   0   0   0   0   0 255 255 255
255 255 255  79   0   0 255 255 255 255   0   0 255 255 255 255
255 255 255 175   0 255 255 255   0 255 255   0  79 255 255 255
255 255   0  79 255 255 255 255 255 255   0 255 175   0 255 255
255 255 255   0   0   0 255 255 255   0 255   0   0 255 255 255
255 255 255 255 255 255   0   0   0 255   0 255 255 255 255 255
255 255  79 134 255 255 175 175 255 175 175 255 134  79 255 255
255 255   0  79 255   0   0   0   0 255   0 255  79   0 255 255
255 255 255 255 255 255 255 255 255 255 255 255 255 255 255 255
255 255 255 255 255 255 255 255 255 255 255 255 255 255 255 255
255 255 255 255 255 255 255 255 255 255 255 255 255 255 255 255
255 255 255 255 255 255 255 255 255 255 255 255 255 255 255 255
255 255   0  79 255 255   0   0   0 255   0   0 175 255 255 255
255 255  79 134 255 255 255 255 175 175   0  79  24 175 255 255
255 255 255 255 255   0   0   0   0   0 255 255  79 255 255 255
255 255   0  79   0   0 255   0 255   0   0   0   0 255 255 255
255 255   0 255 255   0   0 255   0   0   0   0   0 255 255 255
255 255 255  79   0   0 255 255 255 255   0   0 255 255 255 255
255 255 255 175   0 255 255 255   0 255 255   0  79 255 255 255
255 255   0  79 255 255 255 255 255 255   0 255 175   0 255 255
255 255 255   0   0   0 255 255 255   0 255   0   0 255 255 255
255 255 255 255 255 255   0   0   0 255   0 255 255 255 255 255
255 255  79 134 255 255 175 175 255 175 175 255 134  79 255 255
255 255   0  79 255   0   0   0   0 255   0 255  79   0 255 255
255 255 255 255 255 255 255 255 255 255 255 255 255 255 255 255
255 255 255 255 255 255 255 255 255 255 255 255 255 255 255 255
255 255 255 255 255 255 255 255 255 255 255 255 255 255 255 255
255 255 255 255 255 255 255 255 255 255 255 255 255 255 255 255
255 255   0  79 255 255   0   0   0 255   0   0 175 255 255 255
255 255  79 134 255 255 255 255 175 175   0  79  24 175 255 255
255 255 255 255 255   0   0   0   0   0 255 255  79 255 255 255
255 255   0  79   0   0 255   0 255   0   0   0   0 255 255 255
255 255   0 255 255   0   0 255   0   0   0   0   0 255 255 255
255 255 255  79   0   0 255 255 255 255   0   0 255 255 255 255
255 255 255 175   0 255 255 255   0 255 255   0  79 255 255 255
255 255   0  79 255 255 255 255 255 255   0 255 175   0 255 255
255 255 255   0   0   0 255 255 255   0 255   0   0 255 255 255
255 255 255 255 255 255   0   0   0 255   0 255 255 255 255 255
255 255  79 134 255 255 175 175 255 175 175 255 134  79 255 255
255 255   0  79 255   0   0   0   0 255   0 255  79   0 255 255
255 255 255 255 255 255 255 255 255 255 255 255 255 255 255 255
255 255 255 255 255 255 255 255 255 255 255 255 255 255 255 255

255 255 255 255 255 255 255 255 255 255 255 255 255 255 255 255
255 255 255 255 255 255 255 255 255 255 255 255 255 255 255 255
255 255 255 175 255 255 255 255 255   0 255 255  79   0 255 255
255 255 175  24  79   0   0 255  79 175   0 255 134  79 255 255
255 255   0  79 255   0   0   0   0 255   0 255 255 255 255 255
255 255   0   0 255   0   0   0 255   0 255   0 175   0 255 255
255 255 255 175   0   0   0 255 255 255   0 255 175 255 255 255
255 255   0 175   0 255   0 255   0 255 255   0 255   0 255 255
255 255   0 255   0   0 255 255 255 255 255   0 175   0 255 255
255 255   0 255   0 255   0 255 255 255 255   0 175   0 255 255
255 255 255 255   0   0   0   0 255 255   0 255 255   0 255 255
255 255 255 255 255   0 255   0   0 255   0 255 255 255 255 255
255 255  79 134 255  79 255  79 175  79   0 255 134  79 255 255
255 255   0  79 255   0   0 255 255   0 255 255  79   0 255 255
255 255 255 255 255 255 255 255 255 255 255 255 255 255 255 255
255 255 255 255 255 255 255 255 255 255 255 255 255 255 255 255
255 255 255 255 255 255 255 255 255 255 255 255 255 255 255 255
255 255 255 255 255 255 255 255 255 255 255 255 255 255 255 255
255 255 255 175 255 255 255 255 255   0 255 255  79   0 255 255
255 255 175  24  79   0   0 255  79 175   0 255 134  79 255 255
255 255   0  79 255   0   0   0   0 255   0 255 255 255 255 255
255 255   0   0 255   0   0   0 255   0 255   0 175   0 255 255
255 255 255 175   0   0   0 255 255 255   0 255 175 255 255 255
255 255   0 175   0 255   0 255   0 255 255   0 255   0 255 255
255 255   0 255   0   0 255 255 255 255 255   0 175   0 255 255
255 255   0 255   0 255   0 255 255 255 255   0 175   0 255 255
255 255 255 255   0   0   0   0 255 255   0 255 255   0 255 255
255 255 255 255 255   0 255   0   0 255   0 255 255 255 255 255
255 255  79 134 255  79 255  79 175  79   0 255 134  79 255 255
255 255   0  79 255   0   0 255 255   0 255 255  79   0 255 255
255 255 255 255 255 255 255 255 255 255 255 255 255 255 255 255
255 255 255 255 255 255 255 255 255 255 255 255 255 255 255 255
255 255 255 255 255 255 255 255 255 255 255 255 255 255 255 255
255 255 255 255 255 255 255 255 255 255 255 255 255 255 255 255
255 255 255 175 255 255 255 255 255   0 255 255  79   0 255 255
255 255 175  24  79   0   0 255  79 175   0 255 134  79 255 255
255 255   0  79 255   0   0   0   0 255   0 255 255 255 255 255
255 255   0   0 255   0   0   0 255   0 255   0 175   0 255 255
255 255 255 175   0   0   0 255 255 255   0 255 175 255 255 255
255 255   0 175   0 255   0 255   0 255 255   0 255   0 255 255
255 255   0 255   0   0 255 255 255 255 255   0 175   0 255 255
255 255   0 255   0 255   0 255 255 255 255   0 175   0 255 255
255 255 255 255   0   0   0   0 255 255   0 255 255   0 255 255
255 255 255 255 255   0 255   0   0 255   0 255 255 255 255 255
255 255  79 134 255  79 255  79 175  79   0 255 134  79 255 255
255 255   0  79 255   0   0 255 255   0 255 255  79   0 255 255
255 255 255 255 255 255 255 255 255 255 255 255 255 255 255 255
255 255 255 255 255 255 255 255 255 255 255 255 255 255 255 255

255 255 255 255 255 255 255 255 255 255 255 255 255 255 255 255
255 255 255 255 255 255 255 255 255 255 255 255 255 255 255 255
255 255   0  79 255   0 255   0   0   0   0 255  79   0 255 255
255 255  79 134 255 175 175 255 175 175 255 255 134  79 255 255
255 255 255 255 255   0 255   0   0   0 255 255 255 255 255 255
255 255 255   0   0 255   0 255 255 255   0   0   0 255 255 255
255 255   0 175 255   0 255 255 255 255 255 255  79   0 255 255
255 255 255  79   0 255 255   0 255 255 255   0 175 255 255 255
255 255 255 255   0   0 255 255 255 255   0   0  79 255 255 255
255 255 255   0   0   0   0   0 255   0   0 255 255   0 255 255
255 255 255   0   0   0   0 255   0 255   0   0  79   0 255 255
255 255 255  79 255 255   0   0   0   0   0 255 255 255 255 255
255 255 175  24  79   0 175 175 255 255 255 255 134  79 255 255
255 255 255 175   0   0 255   0   0   0 255 255  79   0 255 255
255 255 255 255 255 255 255 255 255 255 255 255 255 255 255 255
255 255 255 255 255 255 255 255 255 255 255 255 255 255 255 255
255 255 255 255 255 255 255 255 255 255 255 255 255 255 255 255
255 255 255 255 255 255 255 255 255 255 255 255 255 255 255 255
255 255   0  79 255   0 255   0   0   0   0 255  79   0 255 255
255 255  79 134 255 175 175 255 175 175 255 255 134  79 255 255
255 255 255 255 255   0 255   0   0   0 255 255 255 255 255 255
255 255 255   0   0 255   0 255 255 255   0   0   0 255 255 255
255 255   0 175 255   0 255 255 255 255 255 255  79   0 255 255
255 255 255  79   0 255 255   0 255 255 255   0 175 255 255 255
255 255 255 255   0   0 255 255 255 255   0   0  79 255 255 255
255 255 255   0   0   0   0   0 255   0   0 255 255   0 255 255
255 255 255   0   0   0   0 255   0 255   0   0  79   0 255 255
255 255 255  79 255 255   0   0   0   0   0 255 255 255 255 255
255 255 175  24  79   0 175 175 255 255 255 255 134  79 255 255
255 255 255 175   0   0 255   0   0   0 255 255  79   0 255 255
255 255 255 255 255 255 255 255 255 255 255 255 255 255 255 255
255 255 255 255 255 255 255 255 255 255 255 255 255 255 255 255
255 255 255 255 255 255 255 255 255 255 255 255 255 255 255 255
255 255 255 255 255 255 255 255 255 255 255 255 255 255 255 255
255 255   0  79 255   0 255   0   0   0   0 255  79   0 255 255
255 255  79 134 255 175 175 255 175 175 255 255 134  79 255 255
255 255 255 255 255   0 255   0   0   0 255 255 255 255 255 255
255 255 255   0   0 255   0 255 255 255   0   0   0 255 255 255
255 255   0 175 255   0 255 255 255 255 255 255  79   0 255 255
255 255 255  79   0 255 255   0 255 255 255   0 175 255 255 255
255 255 255 255   0   0 255 255 255 255   0   0  79 255 255 255
255 255 255   0   0   0   0   0 255   0   0 255 255   0 255 255
255 255 255   0   0   0   0 255   0 255   0   0  79   0 255 255
255 255 255  79 255 255   0   0   0   0   0 255 255 255 255 255
255 255 175  24  79   0 175 175 255 255 255 255 134  79 255 255
255 255 255 175   0   0 255   0   0   0 255 255  79   0 255 255
255 255 255 255 255 255 255 255 255 255 255 255 255 255 255 255
255 255 255 255 255 255 255 255 255 255 255 255 255 255 255 255
