255 255 255 255 255 255 255 255 255 255 255 255 255 255 255 255
255 255 255 255 255 255 255 255 255 255 255 255 255 255 255 255
255 255 255 255 255   0 255   0   0 255   0 255 255 255 255 255
255 255 255   0   0   0 175   0   0 175   0   0   0 255 255 255
255 255 255   0   0   0 255 255 255 175   0   0   0 255 255 255
255 255   0   0   0   0 175 255 255 175   0   0   0   0 255 255
255 255 175 175 175 175 121   0   0 145 175 255 175 255 255 255
255 255 255 255   0 255 255 255 255 255   0 255 255 255 255 255
255 255 255 255   0 255 175   0 255 255   0 255 255 255 255 255
255 255 175 175 175 175 121  80  80 110 175   0 255 255 255 255
255 255   0   0   0   0 175   0   0  80   0   0   0   0 255 255
255 255 255   0   0   0 175 255   0  80   0 255 255   0 255 255
255 255 255   0   0   0 175 255 255 175 255   0   0 255 255 255
255 255 255 255 255   0 175   0 255 255   0 255 255   0 255 255
255 255 255 255 255 255 255 255 255 255 255 255 255 255 255 255
255 255 255 255 255 255 255 255 255 255 255 255 255 255 255 255
255 255 255 255 255 255 255 255 255 255 255 255 255 255 255 255
255 255 255 255 255 255 255 255 255 255 255 255 255 255 255 255
255 255 255 255 255   0 255   0   0 255   0 255 255 255 255 255
255 255 255   0   0   0 175   0   0 175   0   0   0 255 255 255
255 255 255   0   0   0 255 255 255 175   0   0   0 255 255 255
255 255   0   0   0   0 175 255 255 175   0   0   0   0 255 255
255 255 175 175 175 175 121   0   0 145 175 255 175 255 255 255
255 255 255 255   0 255 255 255 255 255   0 255 255 255 255 255
255 255 255 255   0 255 175   0 255 255   0 255 255 255 255 255
255 255 175 175 175 175 121  80  80 110 175   0 255 255 255 255
255 255   0   0   0   0 175   0   0  80   0   0   0   0 255 255
255 255 255   0   0   0 175 255   0  80   0 255 255   0 255 255
255 255 255   0   0   0 175 255 255 175 255   0   0 255 255 255
255 255 255 255 255   0 175   0 255 255   0 255 255   0 255 255
255 255 255 255 255 255 255 255 255 255 255 255 255 255 255 255
255 255 255 255 255 255 255 255 255 255 255 255 255 255 255 255
255 255 255 255 255 255 255 255 255 255 255 255 255 255 255 255
255 255 255 255 255 255 255 255 255 255 255 255 255 255 255 255
255 255 255 255 255   0 255   0   0 255   0 255 255 255 255 255
255 255 255   0   0   0 175   0   0 175   0   0   0 255 255 255
255 255 255   0   0   0 255 255 255 175   0   0   0 255 255 255
255 255   0   0   0   0 175 255 255 175   0   0   0   0 255 255
255 255 175 175 175 175 121   0   0 145 175 255 175 255 255 255
255 255 255 255   0 255 255 255 255 255   0 255 255 255 255 255
255 255 255 255   0 255 175   0 255 255   0 255 255 255 255 255
255 255 175 175 175 175 121  80  80 110 175   0 255 255 255 255
255 255   0   0   0   0 175   0   0  80   0   0   0   0 255 255
255 255 255   0   0   0 175 255   0  80   0 255 255   0 255 255
255 255 255   0   0   0 175 255 255 175 255   0   0 255 255 255
255 255 255 255 255   0 175   0 255 255   0 255 255   0 255 255
255 255 255 255 255 255 255 255 255 255 255 255 255 255 255 255
255 255 255 255 255 255 255 255 255 255 255 255 255 255 255 255

255 255 255 255 255 255 255 255 255 255 255 255 255 255 255 255
255 255 255 255 255 255 255 255 255 255 255 255 255 255 255 255
255 255 255 255 255   0 255 255 255 255   0   0 255   0 255 255
255 255 255   0   0   0 175 255 255 255   0 255   0 255 255 255
255 255 255   0   0   0 255 255 255   0   0 255   0 255 255 255
255 255   0   0   0   0 175   0   0 175   0   0 255   0 255 255
255 255 255 175 175 175 145 255 255 110  80  80 175 255 255 255
255 255   0   0 255 255   0 255 255  80   0   0 255 255 255 255
255 255   0   0 255 255   0 255   0  80   0 255 255   0 255 255
255 255 255 175 255 175 121 255 175 121 175 175 175 175 255 255
255 255   0   0   0   0 175 255 255 175   0   0   0   0 255 255
255 255 255   0   0   0 175   0   0 175   0   0   0 255 255 255
255 255 255   0   0   0 175 255 255 175   0   0   0 255 255 255
255 255 255 255 255   0 175 255 255 175   0 255 255 255 255 255
255 255 255 255 255 255 255 255 255 255 255 255 255 255 255 255
255 255 255 255 255 255 255 255 255 255 255 255 255 255 255 255
255 255 255 255 255 255 255 255 255 255 255 255 255 255 255 255
255 255 255 255 255 255 255 255 255 255 255 255 255 255 255 255
255 255 255 255 255   0 255 255 255 255   0   0 255   0 255 255
255 255 255   0   0   0 175 255 255 255   0 255   0 255 255 255
255 255 255   0   0   0 255 255 255   0   0 255   0 255 255 255
255 255   0   0   0   0 175   0   0 175   0   0 255   0 255 255
255 255 255 175 175 175 145 255 255 110  80  80 175 255 255 255
255 255   0   0 255 255   0 255 255  80   0   0 255 255 255 255
255 255   0   0 255 255   0 255   0  80   0 255 255   0 255 255
255 255 255 175 255 175 121 255 175 121 175 175 175 175 255 255
255 255   0   0   0   0 175 255 255 175   0   0   0   0 255 255
255 255 255   0   0   0 175   0   0 175   0   0   0 255 255 255
255 255 255   0   0   0 175 255 255 175   0   0   0 255 255 255
255 255 255 255 255   0 175 255 255 175   0 255 255 255 255 255
255 255 255 255 255 255 255 255 255 255 255 255 255 255 255 255
255 255 255 255 255 255 255 255 255 255 255 255 255 255 255 255
255 255 255 255 255 255 255 255 255 255 255 255 255 255 255 255
255 255 255 255 255 255 255 255 255 255 255 255 255 255 255 255
255 255 255 255 255   0 255 255 255 255   0   0 255   0 255 255
255 255 255   0   0   0 175 255 255 255   0 255   0 255 255 255
255 255 255   0   0   0 255 255 255   0   0 255   0 255 255 255
255 255   0   0   0   0 175   0   0 175   0   0 255   0 255 255
255 255 255 175 175 175 145 255 255 110  80  80 175 255 255 255
255 255   0   0 255 255   0 255 255  80   0   0 255 255 255 255
255 255   0   0 255 255   0 255   0  80   0 255 255   0 255 255
255 255 255 175 255 175 121 255 175 121 175 175 175 175 255 255
255 255   0   0   0   0 175 255 255 175   0   0   0   0 255 255
255 255 255   0   0   0 175   0   0 175   0   0   0 255 255 255
255 255 255   0   0   0 175 255 255 175   0   0   0 255 255 255
255 255 255 255 255   0 175 255 255 175   0 255 255 255 255 255
255 255 255 255 255 255 255 255 255 255 255 255 255 255 255 255
255 255 255 255 255 255 255 255 255 255 255 255 255 255 255 255

255 255 255 255 255 255 255 255 255 255 255 255 255 255 255 255
255 255 255 255 255 255 255 255 255 255 255 255 255 255 255 255
255 255   0 255 255   0 255 255   0 175   0 255 255 255 255 255
255 255 255   0   0 255 175 255 255 175   0   0   0 255 255 255
255 255   0 255 255   0  80   0 255 175   0   0   0 255 255 255
255 255   0   0   0   0  80   0   0 175   0   0   0   0 255 255
255 255 255 255   0 175 110  80  80 121 175 175 175 175 255 255
255 255 255 255 255   0 255 255   0 175 255   0 255 255 255 255
255 255 255 255 255   0 255 255 255 255 255   0 255 255 255 255
255 255 255 175 255 175 145   0   0 121 175 175 175 175 255 255
255 255   0   0   0   0 175 255 255 175   0   0   0   0 255 255
255 255 255   0   0   0 175 255 255 255   0   0   0 255 255 255
255 255 255   0   0   0 175   0   0 175   0   0   0 255 255 255
255 255 255 255 255   0 255   0   0 255   0 255 255 255 255 255
255 255 255 255 255 255 255 255 255 255 255 255 255 255 255 255
255 255 255 255 255 255 255 255 255 255 255 255 255 255 255 255
255 255 255 255 255 255 255 255 255 255 255 255 255 255 255 255
255 255 255 255 255 255 255 255 255 255 255 255 255 255 255 255
255 255   0 255 255   0 255 255   0 175   0 255 255 255 255 255
255 255 255   0   0 255 175 255 255 175   0   0   0 255 255 255
255 255   0 255 255   0  80   0 255 175   0   0   0 255 255 255
255 255   0   0   0   0  80   0   0 175   0   0   0   0 255 255
255 255 255 255   0 175 110  80  80 121 175 175 175 175 255 255
255 255 255 255 255   0 255 255   0 175 255   0 255 255 255 255
255 255 255 255 255   0 255 255 255 255 255   0 255 255 255 255
255 255 255 175 255 175 145   0   0 121 175 175 175 175 255 255
255 255   0   0   0   0 175 255 255 175   0   0   0   0 255 255
255 255 255   0   0   0 175 255 255 255   0   0   0 255 255 255
255 255 255   0   0   0 175   0   0 175   0   0   0 255 255 255
255 255 255 255 255   0 255   0   0 255   0 255 255 255 255 255
255 255 255 255 255 255 255 255 255 255 255 255 255 255 255 255
255 255 255 255 255 255 255 255 255 255 255 255 255 255 255 255
255 255 255 255 255 255 255 255 255 255 255 255 255 255 255 255
255 255 255 255 255 255 255 255 255 255 255 255 255 255 255 255
255 255   0 255 255   0 255 255   0 175   0 255 255 255 255 255
255 255 255   0   0 255 175 255 255 175   0   0   0 255 255 255
255 255   0 255 255   0  80   0 255 175   0   0   0 255 255 255
255 255   0   0   0   0  80   0   0 175   0   0   0   0 255 255
255 255 255 255   0 175 110  80  80 121 175 175 175 175 255 255
255 255 255 255 255   0 255 255   0 175 255   0 255 255 255 255
255 255 255 255 255   0 255 255 255 255 255   0 255 255 255 255
255 255 255 175 255 175 145   0   0 121 175 175 175 175 255 255
255 255   0   0   0   0 175 255 255 175   0   0   0   0 255 255
255 255 255   0   0   0 175 255 255 255   0   0   0 255 255 255
255 255 255   0   0   0 175   0   0 175   0   0   0 255 255 255
255 255 255 255 255   0 255   0   0 255   0 255 255 255 255 255
255 255 255 255 255 255 255 255 255 255 255 255 255 255 255 255
255 255 255 255 255 255 255 255 255 255 255 255 255 255 255 255

255 255 255 255 255 255 255 255 255 255 255 255 255 255 255 255
255 255 255 255 255 255 255 255 255 255 255 255 255 255 255 255
255 255 255 255 255   0 175 255 255 175   0 255 255 255 255 255
255 255 255   0   0   0 175 255 255 175   0   0   0 255 255 255
255 255 255   0   0   0 175   0   0 175   0   0   0 255 255 255
255 255   0   0   0   0 175 255 255 175   0   0   0   0 255 255
255 255 175 175 175 175 121 175 255 121 175 255 175 255 255 255
255 255   0 255 255   0  80   0 255   0 255 255   0   0 255 255
255 255 255 255   0   0  80 255 255   0 255 255   0   0 255 255
255 255 255 175  80  80 110 255 255 145 175 175 175 255 255 255
255 255   0 255   0   0 175   0   0 175   0   0   0   0 255 255
255 255 255   0 255   0   0 255 255 255   0   0   0 255 255 255
255 255 255   0 255   0 255 255 255 175   0   0   0 255 255 255
255 255   0 255   0   0 255 255 255 255   0 255 255 255 255 255
255 255 255 255 255 255 255 255 255 255 255 255 255 255 255 255
255 255 255 255 255 255 255 255 255 255 255 255 255 255 255 255
255 255 255 255 255 255 255 255 255 255 255 255 255 255 255 255
255 255 255 255 255 255 255 255 255 255 255 255 255 255 255 255
255 255 255 255 255   0 175 255 255 175   0 255 255 255 255 255
255 255 255   0   0   0 175 255 255 175   0   0   0 255 255 255
255 255 255   0   0   0 175   0   0 175   0   0   0 255 255 255
255 255   0   0   0   0 175 255 255 175   0   0   0   0 255 255
255 255 175 175 175 175 121 175 255 121 175 255 175 255 255 255
255 255   0 255 255   0  80   0 255   0 255 255   0   0 255 255
255 255 255 255   0   0  80 255 255   0 255 255   0   0 255 255
255 255 255 175  80  80 110 255 255 145 175 175 175 255 255 255
255 255   0 255   0   0 175   0   0 175   0   0   0   0 255 255
255 255 255   0 255   0   0 255 255 255   0   0   0 255 255 255
255 255 255   0 255   0 255 255 255 175   0   0   0 255 255 255
255 255   0 255   0   0 255 255 255 255   0 255 255 255 255 255
255 255 255 255 255 255 255 255 255 255 255 255 255 255 255 255
255 255 255 255 255 255 255 255 255 255 255 255 255 255 255 255
255 255 255 255 255 255 255 255 255 255 255 255 255 255 255 255
255 255 255 255 255 255 255 255 255 255 255 255 255 255 255 255
255 255 255 255 255   0 175 255 255 175   0 255 255 255 255 255
255 255 255   0   0   0 175 255 255 175   0   0   0 255 255 255
255 255 255   0   0   0 175   0   0 175   0   0   0 255 255 255
255 255   0   0   0   0 175 255 255 175   0   0   0   0 255 255
255 255 175 175 175 175 121 175 255 121 175 255 175 255 255 255
255 255   0 255 255   0  80   0 255   0 255 255   0   0 255 255
255 255 255 255   0   0  80 255 255   0 255 255   0   0 255 255
255 255 255 175  80  80 110 255 255 145 175 175 175 255 255 255
255 255   0 255   0   0 175   0   0 175   0   0   0   0 255 255
255 255 255   0 255   0   0 255 255 255   0   0   0 255 255 255
255 255 255   0 255   0 255 255 255 175   0   0   0 255 255 255
255 255   0 255   0   0 255 255 255 255   0 255 255 255 255 255
255 255 255 255 255 255 255 255 255 255 255 255 255 255 255 255
255 255 255 255 255 255 255 255 255 255 255 255 255 255 255 255
